42,52
42,51
42,50
42,49
42,48
42,47
42,46
42,45
42,44
42,43
42,42
42,41
42,40
42,39
42,38
42,37
42,36
17,2
17,1
17,3
15,2
15,1
15,3
16,2
16,1
16,3
13,2
14,2
4,16
4,41
4,26
4,4
4,11
4,34
4,28
4,7
4,5
4,71
4,1
4,13
4,2
4,3
6,6
6,5
6,4
6,1
6,7
6,2
6,3
7,10
7,7
7,8
7,4
7,13
7,9
7,1
7,5
7,2
7,3
5,4
5,2
5,1
5,3
31,1
31,3
25,1
25,3
42,35
28,6
28,5
28,4
28,1
28,7
28,3
10,166
10,232
10,132
10,272
10,24
10,156
10,102
10,22
11,18
11,26
11,19
11,20
11,16
8,12
37,4
37,3
37,2
37,1
37,0
36,5
36,4
36,3
36,2
36,1
36,0
29,3
29,2
29,1
20,3
20,2
20,1
19,3
19,2
19,1
12,3
12,2
12,1
11,30
11,29
11,28
11,25
11,21
11,14
11,13
11,12
